comp13_c0_seq1	Contig42174	99.588	485	2	0	2	486	44935	44451	0.0	866
comp13_c0_seq1	Contig42174	75.194	387	37	32	4	338	28559	28938	1.62e-41	174
comp19_c0_seq1	Contig23937	100.000	204	0	0	1	204	18518	18721	1.46e-100	369
comp19_c0_seq1	Contig23937	96.117	206	0	5	1	204	23091	23290	6.62e-86	320
comp19_c0_seq1	Contig23937	96.535	202	1	5	1	200	13697	13500	8.07e-85	316
comp22_c0_seq1	Contig19762	100.000	207	0	0	1	207	52899	53105	3.49e-102	374
comp24_c0_seq1	Contig32644	85.680	419	51	1	1	410	2441	2859	1.35e-136	489
comp26_c0_seq1	Contig59413	86.561	253	17	1	25	260	8072	8324	4.06e-84	315
comp29_c0_seq1	Contig69516	97.403	231	6	0	1	231	2096	1866	5.38e-107	390
comp31_c0_seq1	Contig18424	93.827	243	1	10	1	234	29408	29171	2.89e-91	338
comp35_c0_seq1	Contig19437	100.000	271	0	0	1	271	58356	58626	8.57e-137	489
comp35_c0_seq1	Contig19437	88.889	288	5	21	1	269	51205	50926	2.02e-81	306
comp37_c0_seq1	Contig7760	98.667	225	3	0	1	225	375	599	1.84e-107	392
comp38_c0_seq1	Contig41766	100.000	361	0	0	1	361	12016	11656	0.0	652
comp41_c0_seq1	Contig138068	100.000	233	0	0	11	243	1818	1586	3.22e-116	421
comp45_c0_seq1	Contig25354	100.000	207	0	0	1	207	3235	3029	3.49e-102	374
comp50_c0_seq1	Contig19537	98.367	245	4	0	101	345	6469	6225	3.91e-117	425
comp52_c0_seq1	Contig12384	99.713	348	1	0	1	348	655	1002	7.60e-177	623
comp53_c0_seq1	Contig150032	89.375	160	13	4	1	160	5682	5837	5.76e-49	197
comp55_c0_seq1	Contig477	85.901	383	16	29	1	359	616	984	7.49e-95	351
comp55_c0_seq1	Contig477	84.010	394	23	30	1	363	20763	21147	8.54e-88	327
comp55_c0_seq1	Contig477	78.406	389	37	30	3	363	8390	8759	1.76e-58	230
comp55_c0_seq1	Contig477	75.321	389	41	31	2	348	14666	15041	2.80e-43	179
comp60_c0_seq1	Contig37000	98.104	211	4	0	1	211	25353	25143	6.45e-99	363
comp60_c0_seq1	Contig37000	87.037	216	8	18	1	207	15637	15433	4.65e-50	201
comp61_c0_seq1	Contig38999	98.551	276	0	1	1	272	4683	4958	1.56e-133	479
comp64_c0_seq1	Contig30636	98.958	192	2	0	1	192	19494	19303	2.50e-91	338
comp64_c0_seq1	Contig30636	88.889	198	6	15	1	192	28130	28317	3.71e-51	205
comp64_c0_seq2	Contig30636	99.160	238	2	0	1	238	19494	19257	3.15e-116	421
comp64_c0_seq2	Contig30636	88.934	244	8	17	1	238	28130	28360	2.27e-67	259
comp65_c0_seq1	Contig22933	100.000	269	0	0	1	269	8992	9260	1.04e-135	486
comp65_c1_seq1	Contig22933	100.000	440	0	0	1	440	9242	9681	0.0	794
comp66_c0_seq1	Contig42418	100.000	246	0	0	1	246	15258	15503	2.86e-123	444
comp66_c1_seq1	Contig42418	100.000	350	0	0	1	350	15267	14918	1.48e-179	632
comp67_c0_seq1	Contig75940	99.510	204	1	0	85	288	3099	2896	9.19e-99	363
comp68_c0_seq1	Contig3840	98.821	424	0	4	1	424	3002	3420	0.0	729
comp71_c0_seq1	Contig19330	100.000	295	0	0	1	295	83066	83360	8.82e-150	533
comp72_c0_seq1	Contig27786	100.000	260	0	0	1	260	24806	25065	7.66e-131	470
comp74_c0_seq1	Contig37151	99.673	306	1	0	1	306	8305	8610	4.17e-154	547
comp75_c0_seq1	Contig44175	99.471	189	1	0	30	218	12500	12688	1.02e-90	336
comp93_c0_seq1	Contig25730	100.000	270	0	0	1	270	1284	1553	2.98e-136	488
comp94_c0_seq1	Contig530029	90.052	191	3	3	16	205	791	966	5.47e-68	260
comp95_c0_seq1	Contig35144	100.000	224	0	0	1	224	24848	24625	2.26e-111	405
comp99_c0_seq1	Contig61467	99.561	228	1	0	1	228	18543	18316	6.60e-112	407
comp101_c0_seq1	Contig47685	92.391	184	12	1	42	225	6907	6726	1.51e-69	266
comp105_c0_seq1	Contig34875	96.739	92	3	0	1	92	15646	15737	2.07e-35	152
comp105_c0_seq1	Contig34875	100.000	78	0	0	130	207	17905	17982	3.74e-32	141
comp109_c0_seq1	Contig20935	99.541	218	1	0	1	218	14085	14302	1.68e-106	389
comp112_c0_seq1	Contig127208	93.243	222	14	1	1	221	3694	3473	1.40e-88	329
comp112_c1_seq1	Contig108974	99.730	370	1	0	1	370	678	1047	0.0	663
comp116_c0_seq1	Contig424	99.213	127	1	0	1	127	22133	22259	4.08e-57	224
comp116_c0_seq1	Contig424	100.000	84	0	0	128	211	34941	35024	2.11e-35	152
comp117_c0_seq1	Contig95619	100.000	556	0	0	1	556	4793	5348	0.0	1003
comp117_c1_seq1	Contig95619	100.000	311	0	0	1	311	4814	4504	1.93e-158	562
comp118_c0_seq1	Contig40872	98.715	467	5	1	1	466	6726	7192	0.0	812
comp118_c1_seq1	Contig40872	99.281	417	1	1	1	417	7182	7596	0.0	737
comp119_c0_seq1	Contig60076	95.238	315	2	8	1	312	7808	8112	6.33e-133	477
comp123_c0_seq1	Contig28620	100.000	391	0	0	1	391	24474	24084	0.0	706
comp130_c0_seq1	Contig37106	100.000	256	0	0	1	256	12456	12201	1.12e-128	462
comp130_c0_seq1	Contig37106	85.053	281	15	19	1	256	16683	16405	8.61e-67	257
comp132_c0_seq1	Contig45443	100.000	369	0	0	1	369	6731	6363	0.0	666
comp132_c1_seq1	Contig45443	100.000	239	0	0	1	239	6710	6948	1.75e-119	432
comp133_c0_seq1	Contig266	100.000	270	0	0	1	270	18610	18341	2.98e-136	488
comp133_c0_seq1	Contig266	83.099	284	24	22	2	270	21599	21325	2.30e-55	219
comp146_c0_seq1	Contig64437	100.000	253	0	0	1	253	7660	7408	4.69e-127	457
comp147_c0_seq1	Contig18289	100.000	123	0	0	104	226	11101	11223	2.44e-56	223
comp147_c0_seq1	Contig18289	99.145	117	1	0	224	340	11851	11967	1.87e-51	206
comp147_c0_seq1	Contig18289	100.000	106	0	0	1	106	10906	11011	4.13e-47	192
comp148_c0_seq1	Contig123302	100.000	155	0	0	99	253	1	155	8.81e-74	280
comp149_c0_seq1	Contig46423	97.101	207	0	1	1	201	1165	959	4.68e-94	347
comp150_c0_seq1	Contig70842	85.833	120	17	0	104	223	523	642	1.42e-31	140
comp150_c0_seq1	Contig70842	84.167	120	19	0	104	223	26269	26388	7.37e-29	131
comp152_c0_seq1	Contig63663	98.684	228	3	0	1	228	11743	11516	3.42e-109	398
comp155_c0_seq1	Contig19585	100.000	215	0	0	1	215	11003	11217	1.65e-106	389
comp157_c0_seq1	Contig88945	91.781	219	4	13	5	219	14433	14225	3.98e-70	268
comp159_c0_seq1	Contig1732	100.000	208	0	0	1	208	14597	14804	1.00e-102	376
comp167_c0_seq1	Contig99452	99.632	272	1	0	1	272	1221	1492	1.05e-135	486
comp169_c1_seq1	Contig31714	100.000	190	0	0	90	279	17210	17021	8.31e-93	343
comp173_c0_seq1	Contig27384	100.000	235	0	0	1	235	17615	17849	2.55e-117	425
comp174_c0_seq1	Contig49339	99.539	217	1	0	1	217	26065	25849	6.06e-106	387
comp176_c0_seq1	Contig11119	88.571	210	11	3	1	197	1409	1618	1.26e-70	269
comp178_c0_seq1	Contig51669	85.463	227	2	2	1	214	10233	10025	6.18e-74	280
comp179_c0_seq1	Contig17289	100.000	223	0	0	1	223	2670	2892	7.84e-111	403
comp183_c0_seq1	Contig25225	100.000	344	0	0	1	344	18797	19140	2.62e-176	621
comp185_c0_seq1	Contig70418	98.000	500	10	0	1	500	9608	9109	0.0	857
comp185_c1_seq1	Contig70418	99.670	303	1	0	1	303	9917	9615	1.82e-152	542
comp187_c0_seq1	Contig4777	100.000	308	0	0	1	308	1969	1662	8.37e-157	556
comp188_c0_seq1	Contig33311	99.639	277	1	0	1	277	8777	9053	2.07e-138	495
comp192_c0_seq1	Contig110864	87.342	237	11	9	4	234	10205	10428	1.23e-70	269
comp193_c0_seq1	Contig35316	100.000	216	0	0	1	216	7624	7409	4.77e-107	390
comp194_c0_seq1	Contig55708	82.917	240	2	1	1	201	7135	7374	1.99e-73	279
comp196_c0_seq1	Contig61467	100.000	214	0	0	1	214	18196	17983	5.74e-106	387
comp197_c0_seq1	Contig89799	99.091	220	0	1	1	218	9252	9471	2.05e-105	385
comp199_c0_seq1	Contig62470	79.433	141	12	3	56	179	6438	6578	2.84e-27	125
comp202_c0_seq1	Contig41802	99.441	179	1	0	104	282	9063	8885	3.35e-85	318
comp205_c0_seq1	Contig49279	85.992	257	7	3	1	243	23950	24191	3.45e-84	315
comp220_c0_seq1	Contig304830	100.000	308	0	0	1	308	1394	1701	8.11e-157	556
comp222_c0_seq1	Contig47024	100.000	235	0	0	1	235	17367	17133	2.55e-117	425
comp225_c0_seq1	Contig70603	95.652	207	2	6	4	207	8121	7919	1.03e-83	313
comp229_c0_seq1	Contig2273	94.828	290	3	10	1	288	8833	8554	3.90e-116	421
comp232_c0_seq1	Contig68055	87.019	208	27	0	1	208	11140	10933	1.92e-65	253
comp232_c0_seq1	Contig68055	88.983	118	13	0	207	324	2510	2393	1.38e-35	154
comp232_c0_seq1	Contig68055	77.436	195	26	13	7	194	5148	4965	1.48e-22	111
comp233_c0_seq1	Contig95937	98.343	181	3	0	1	181	105	285	1.03e-83	313
comp236_c0_seq1	Contig6019	99.194	124	1	0	1	124	1443	1566	1.69e-55	219
comp239_c0_seq1	Contig25225	100.000	242	0	0	1	242	27359	27118	4.17e-121	437
comp240_c0_seq1	Contig141137	98.387	248	3	1	1	248	1028	782	1.04e-117	426
comp241_c0_seq1	Contig71680	100.000	242	0	0	6	247	7100	6859	4.27e-121	437
comp241_c0_seq1	Contig71680	95.582	249	3	7	1	247	16044	15802	1.22e-102	376
comp243_c0_seq1	Contig118149	98.131	107	0	1	39	143	2214	2108	4.64e-44	181
comp245_c0_seq1	Contig104927	100.000	145	0	0	135	279	6097	6241	2.23e-68	262
comp245_c0_seq1	Contig104927	100.000	137	0	0	1	137	5143	5279	4.91e-64	248
comp247_c0_seq1	Contig353	100.000	221	0	0	1	221	7301	7521	9.45e-110	399
comp250_c0_seq1	Contig69076	95.816	239	9	1	2	239	8208	7970	7.95e-105	383
comp255_c0_seq1	Contig133633	88.704	301	28	2	1	295	734	1034	8.74e-106	387
comp255_c1_seq1	Contig133633	87.678	211	17	2	1	202	1319	1109	1.54e-68	262
comp264_c0_seq1	Contig72169	100.000	262	0	0	1	262	39098	38837	6.34e-132	473
comp264_c0_seq1	Contig72169	97.378	267	0	5	1	262	2899	2635	5.56e-120	434
comp265_c0_seq1	Contig2901	99.107	112	1	0	101	212	4467	4356	8.08e-49	197
comp265_c0_seq1	Contig2901	96.341	82	3	0	207	288	1730	1649	8.08e-30	134
comp266_c0_seq1	Contig85505	79.116	249	52	0	1	249	6170	5922	2.57e-54	215
comp269_c0_seq1	Contig165697	100.000	222	0	0	1	222	1565	1786	2.72e-110	401
comp269_c0_seq1	Contig165697	90.789	76	7	0	134	209	1811	1886	2.92e-21	105
comp269_c1_seq1	Contig165697	93.590	234	6	7	1	232	1782	2008	4.25e-89	331
comp269_c1_seq1	Contig165697	90.789	76	7	0	30	105	1698	1773	3.07e-21	105
comp270_c0_seq1	Contig117652	85.837	233	11	1	1	211	246	478	4.88e-76	288
comp273_c0_seq1	Contig31971	100.000	202	0	0	1	202	36238	36439	1.76e-99	365
comp274_c0_seq1	Contig41858	92.340	235	15	2	3	236	2220	2452	1.02e-90	336
comp277_c0_seq1	Contig49942	86.842	228	8	15	1	212	2274	2053	3.59e-58	228
comp277_c0_seq1	Contig49942	84.058	207	9	19	1	191	1889	1691	4.37e-38	161
comp280_c0_seq1	Contig176	100.000	138	0	0	11	148	18792	18655	1.23e-64	250
comp280_c0_seq1	Contig176	100.000	103	0	0	146	248	15291	15189	1.23e-45	187
comp281_c0_seq1	Contig63631	100.000	215	0	0	1	215	6632	6846	1.65e-106	389
comp285_c0_seq1	Contig137156	100.000	214	0	0	1	214	391	178	5.74e-106	387
comp287_c0_seq1	Contig142415	70.611	262	19	8	1	211	1908	2162	4.09e-32	141
comp288_c0_seq1	Contig2847	95.283	318	4	11	1	311	2251	1938	1.14e-129	466
comp290_c0_seq1	Contig132640	92.117	647	24	4	1	630	5756	5120	0.0	944
comp290_c0_seq1	Contig132640	79.412	544	72	10	1	525	4262	3740	6.96e-130	468
comp292_c0_seq1	Contig744	97.348	264	2	4	1	264	2440	2698	1.96e-119	432
comp293_c0_seq1	Contig24990	76.136	176	42	0	2	177	1046	871	2.42e-28	129
comp294_c0_seq1	Contig120204	99.597	248	1	0	1	248	2985	3232	1.01e-122	443
comp296_c0_seq1	Contig63194	99.559	227	1	0	1	227	9132	9358	2.29e-111	405
comp299_c0_seq1	Contig38600	99.363	314	2	0	1	314	13971	13658	2.37e-157	558
comp299_c0_seq1	Contig38600	96.815	314	5	4	1	314	20504	20196	3.76e-142	508
comp305_c0_seq1	Contig374	96.680	241	7	1	1	241	14221	13982	1.27e-108	396
comp306_c0_seq1	Contig59240	100.000	162	0	0	3	164	2483	2322	1.74e-77	293
comp306_c0_seq1	Contig59240	100.000	128	0	0	219	346	1999	1872	4.99e-59	232
comp306_c0_seq1	Contig59240	100.000	60	0	0	163	222	2200	2141	4.10e-22	109
comp306_c0_seq2	Contig59240	100.000	162	0	0	3	164	2483	2322	1.22e-77	293
comp306_c0_seq2	Contig59240	100.000	99	0	0	163	261	2200	2102	1.94e-43	179
comp309_c0_seq1	Contig29332	91.429	210	10	3	1	209	368	166	3.31e-77	291
comp317_c0_seq1	Contig20463	99.020	102	1	0	80	181	969	868	1.50e-43	179
comp317_c0_seq1	Contig20463	100.000	86	0	0	1	86	1795	1710	1.71e-36	156
comp319_c0_seq1	Contig34590	100.000	249	0	0	1	249	10367	10119	6.83e-125	450
comp326_c0_seq1	Contig15381	99.569	232	1	0	1	232	8980	9211	4.54e-114	414
comp329_c0_seq1	Contig45552	99.609	256	1	0	1	256	18494	18239	4.75e-127	457
comp329_c0_seq1	Contig45552	88.696	230	9	12	38	256	7418	7641	2.47e-67	259
comp332_c0_seq1	Contig365	100.000	244	0	0	1	244	14965	15208	3.46e-122	441
comp334_c0_seq1	Contig5942	100.000	108	0	0	103	210	6790	6683	2.69e-48	196
comp334_c0_seq1	Contig5942	100.000	67	0	0	210	276	1640	1574	4.86e-26	122
comp339_c0_seq1	Contig1298	100.000	186	0	0	65	250	6570	6385	1.09e-90	336
comp339_c0_seq1	Contig1298	100.000	68	0	0	1	68	14173	14106	1.25e-26	123
comp341_c0_seq1	Contig1473	96.053	228	2	3	1	227	3191	3412	7.02e-99	363
comp343_c0_seq1	Contig5481	96.170	235	3	5	1	232	1098	1329	5.91e-100	367
comp343_c0_seq1	Contig5481	96.567	233	1	7	1	232	3350	3576	8.77e-98	360
comp344_c0_seq1	Contig36032	100.000	225	0	0	1	225	1243	1019	6.50e-112	407
comp345_c0_seq1	Contig28778	99.597	248	1	0	1	248	40652	40405	1.01e-122	443
comp345_c0_seq2	Contig28778	99.355	155	1	0	130	284	40559	40405	3.61e-72	275
comp345_c0_seq2	Contig28778	100.000	133	0	0	1	133	42771	42639	7.44e-62	241
comp346_c0_seq1	Contig55643	100.000	137	0	0	107	243	2347	2483	4.20e-64	248
comp346_c0_seq1	Contig55643	100.000	107	0	0	1	107	1944	2050	8.12e-48	194
comp346_c1_seq1	Contig58947	100.000	126	0	0	56	181	8968	9093	5.10e-58	228
comp347_c0_seq1	Contig54028	100.000	193	0	0	34	226	20010	19818	1.54e-94	349
comp349_c0_seq1	Contig47492	94.811	212	11	0	1	212	2195	1984	1.10e-89	333
comp350_c0_seq1	Contig33637	99.522	209	1	0	1	209	4000	4208	1.23e-101	372
comp352_c0_seq1	Contig144611	85.766	274	20	1	28	301	2306	2052	5.89e-89	331
comp354_c0_seq1	Contig449	100.000	430	0	0	1	430	2331	1902	0.0	776
comp355_c0_seq1	Contig52106	100.000	299	0	0	1	299	12133	11835	6.03e-152	540
comp356_c0_seq1	Contig3394	98.013	302	6	0	1	302	9529	9830	1.99e-145	518
comp357_c0_seq1	Contig990	100.000	215	0	0	1	215	31022	31236	1.65e-106	389
comp362_c0_seq1	Contig170325	94.712	208	7	2	5	209	392	186	6.81e-86	320
comp366_c0_seq1	Contig13	100.000	214	0	0	1	214	29090	28877	5.74e-106	387
comp366_c0_seq1	Contig13	90.991	222	4	12	1	209	35755	35973	3.18e-71	271
comp376_c0_seq1	Contig46710	97.241	290	1	2	1	286	1988	1702	3.87e-135	484
comp377_c0_seq1	Contig19330	100.000	205	0	0	1	205	25658	25454	4.20e-101	370
comp382_c0_seq1	Contig18065	93.358	271	1	2	1	261	8205	7942	5.19e-114	414
comp383_c0_seq1	Contig37496	99.559	227	0	1	1	227	13773	13548	2.79e-110	401
comp386_c0_seq1	Contig4789	100.000	75	0	0	8	82	75	1	2.39e-30	136
comp387_c0_seq1	Contig16376	93.307	254	5	8	1	245	37462	37212	1.14e-96	356
comp388_c0_seq1	Contig181149	98.601	143	2	0	1	143	146	288	1.20e-64	250
comp389_c0_seq1	Contig53040	100.000	272	0	0	1	272	11449	11178	2.47e-137	491
comp390_c0_seq1	Contig20943	100.000	373	0	0	1	373	33166	32794	0.0	673
comp391_c0_seq1	Contig106571	88.397	474	21	3	1	447	2251	2717	2.85e-177	625
comp392_c0_seq1	Contig510	99.020	204	1	1	1	203	19068	18865	1.01e-96	356
comp392_c1_seq1	Contig206962	92.857	252	2	11	3	244	2255	2010	3.05e-91	338
comp394_c0_seq1	Contig2934	86.752	234	21	3	3	226	1228	995	2.28e-73	279
comp397_c0_seq1	Contig20319	91.756	279	10	5	1	267	3311	3588	2.12e-106	389
comp399_c0_seq1	Contig20773	100.000	355	0	0	1	355	42814	43168	0.0	641
comp400_c0_seq1	Contig116123	90.370	270	6	12	1	256	10198	9935	3.91e-90	334
comp402_c0_seq1	Contig20935	99.103	223	2	0	1	223	13663	13885	4.06e-108	394
comp404_c0_seq1	Contig34988	98.214	112	2	0	121	232	32065	31954	7.70e-48	194
comp405_c0_seq1	Contig38510	100.000	253	0	0	1	253	16658	16910	4.69e-127	457
comp407_c0_seq1	Contig81591	100.000	221	0	0	1	221	6156	6376	9.45e-110	399
comp408_c0_seq1	Contig49532	97.490	239	6	0	1	239	11453	11691	2.43e-111	405
comp409_c0_seq1	Contig301	100.000	210	0	0	1	210	83984	84193	8.34e-104	379
comp409_c0_seq1	Contig301	89.552	134	6	6	1	127	80007	80139	1.42e-37	159
comp412_c0_seq1	Contig34659	100.000	295	0	0	1	295	11722	12016	8.82e-150	533
comp413_c0_seq1	Contig22080	100.000	608	0	0	1	608	2068	1461	0.0	1097
comp414_c0_seq1	Contig53098	100.000	208	0	0	162	369	6317	6110	2.11e-102	376
comp414_c0_seq1	Contig53098	100.000	165	0	0	1	165	6878	6714	4.65e-79	298
comp415_c0_seq1	Contig31360	100.000	343	0	0	1	343	17525	17867	9.12e-176	619
comp419_c0_seq1	Contig17390	99.270	274	2	0	1	274	9940	10213	1.06e-135	486
comp421_c0_seq1	Contig24555	99.509	611	3	0	42	652	9972	9362	0.0	1088
comp423_c0_seq1	Contig25652	100.000	228	0	0	1	228	1974	2201	1.55e-113	412
comp424_c0_seq1	Contig58958	100.000	284	0	0	1	284	5631	5914	7.92e-144	513
comp424_c0_seq1	Contig58958	88.850	287	10	21	7	282	8870	9145	3.16e-79	298
comp432_c0_seq1	Contig68856	100.000	220	0	0	1	220	5849	5630	3.28e-109	398
comp433_c0_seq1	Contig3974	97.328	262	3	3	1	258	254	515	1.91e-119	432
